@0000
00 10 00 20 09 0B 00 00 8B 06 00 00 8B 06 00 00 
00 00 00 00 00 00 00 00 00 00 00 00 00 00 00 00 
00 00 00 00 00 00 00 00 00 00 00 00 8B 06 00 00 
00 00 00 00 00 00 00 00 8B 06 00 00 8B 06 00 00 
8B 06 00 00 8B 06 00 00 8B 06 00 00 00 00 00 00 
8B 06 00 00 00 00 00 00 00 00 00 00 00 00 00 00 
00 00 00 00 8B 06 00 00 00 00 00 00 00 00 00 00 
00 00 00 00 8B 06 00 00 00 00 00 00 8B 06 00 00 
99 0A 00 00 00 00 00 00 8B 06 00 00 00 00 00 00 
8B 06 00 00 00 00 00 00 00 00 00 00 00 00 00 00 
85 03 00 00 8B 06 00 00 00 00 00 00 00 00 00 00 
00 00 00 00 00 00 00 00 00 00 00 00 8B 06 00 00 
82 B0 A1 4D A1 4E A2 4C 00 F0 BA FC 01 22 10 04 
28 60 A0 48 01 68 01 92 11 43 01 60 9E 48 70 65 
B0 66 9E 48 01 68 89 02 C9 0F 00 68 80 0D 10 22 
02 40 51 18 9A 48 28 30 89 00 01 A2 51 58 8F 46 
4F 01 00 00 49 01 00 00 49 03 00 00 49 03 00 00 
49 03 00 00 49 03 00 00 49 03 00 00 49 03 00 00 
49 03 00 00 49 03 00 00 49 03 00 00 49 03 00 00 
49 03 00 00 49 03 00 00 49 03 00 00 49 03 00 00 
4D 01 00 00 51 01 00 00 50 34 00 E0 20 34 20 46 
84 49 08 80 00 21 84 4F 84 4A 06 E0 9B 6D 23 60 
80 B2 00 0A 60 31 C0 29 48 D0 7B 58 00 2B 06 D0 
9B 18 7C 18 C5 07 00 D1 10 33 64 68 1C 60 7B 18 
DC 68 00 2C 05 D0 A4 18 85 07 00 D4 10 34 1D 69 
25 60 9C 69 00 2C 05 D0 A4 18 45 07 00 D4 10 34 
DD 69 25 60 5C 6A 00 2C 05 D0 A4 18 05 07 00 D4 
10 34 9D 6A 25 60 1C 6B 00 2C 05 D0 A4 18 C5 06 
00 D4 10 34 5D 6B 25 60 DC 6B 00 2C 05 D0 A4 18 
85 06 00 D4 10 34 1D 6C 25 60 9C 6C 00 2C 05 D0 
A4 18 45 06 00 D4 10 34 DD 6C 25 60 5C 6D 00 2C 
B6 D0 A4 18 05 06 B1 D4 10 34 AF E7 01 98 44 06 
40 04 5B 49 08 60 5B 48 00 F0 74 FC 38 68 00 28 
04 D0 B8 68 80 00 31 58 21 43 31 50 F8 68 00 28 
04 D0 78 69 80 00 31 58 21 43 31 50 B8 69 00 28 
04 D0 38 6A 80 00 31 58 21 43 31 50 78 6A 00 28 
04 D0 F8 6A 80 00 31 58 21 43 31 50 38 6B 00 28 
04 D0 B8 6B 80 00 31 58 21 43 31 50 F8 6B 00 28 
04 D0 78 6C 80 00 31 58 21 43 31 50 B8 6C 00 28 
04 D0 38 6D 80 00 31 58 21 43 31 50 78 6D 00 28 
04 D0 F8 6D 80 00 31 58 21 43 31 50 38 6E 00 28 
04 D0 B8 6E 80 00 31 58 21 43 31 50 F8 6E 00 28 
04 D0 78 6F 80 00 31 58 21 43 31 50 B8 6F 00 28 
05 D0 80 20 38 58 80 00 31 58 21 43 31 50 84 20 
38 58 00 28 05 D0 8C 20 38 58 80 00 31 58 21 43 
31 50 90 20 38 58 00 28 05 D0 98 20 38 58 80 00 
31 58 21 43 31 50 9C 20 38 58 00 28 05 D0 A4 20 
38 58 80 00 31 58 21 43 31 50 A8 20 38 58 00 28 
05 D0 B0 20 38 58 80 00 31 58 21 43 31 50 B4 20 
38 58 00 28 05 D0 BC 20 38 58 80 00 31 58 21 43 
31 50 15 48 01 68 01 9B 1A 02 0A 43 02 60 13 48 
00 21 01 61 41 62 12 48 01 68 DA 04 0A 43 02 60 
18 06 01 49 08 60 FE E7 00 E1 00 E0 04 80 42 40 
23 B6 00 00 04 58 08 40 81 00 06 00 80 13 0A 40 
23 B6 FF FF C0 00 00 20 00 00 00 20 90 12 00 00 
90 12 0A 40 00 48 E8 01 04 51 00 40 C4 00 00 20 
28 10 0F 40 F0 B5 81 B0 56 48 00 68 C0 B2 13 38 
05 28 00 D9 97 E0 80 00 01 A1 08 58 87 46 C0 46 
B9 03 00 00 F9 03 00 00 C7 04 00 00 C7 04 00 00 
E5 03 00 00 19 04 00 00 4E 4B 4B 48 01 21 01 70 
1C 68 4A 48 42 6A 00 E0 1C 68 24 07 3E D0 1C 46 
10 3C 24 68 0F 2A F7 D8 55 1C 45 62 82 18 14 75 
42 6A F1 E7 41 48 00 21 01 61 41 62 3E 48 01 70 
3F 48 00 F0 93 FA 66 E0 3C 4C 20 69 10 28 38 D2 
21 18 10 22 10 1A C2 B2 39 48 00 F0 EB F9 21 69 
08 18 20 61 01 B0 F0 BD 33 4D 28 78 01 28 52 D1 
32 4E 70 6A 00 28 0D D0 00 27 31 4C F0 19 00 7D 
F0 55 20 46 00 F0 72 FA 0E 2F 03 D8 7F 1C 70 6A 
B8 42 F3 D8 00 20 28 70 01 B0 F0 BD 03 7D 03 2B 
39 D8 9B 00 01 A4 E3 58 9F 46 C0 46 6D 04 00 00 
9B 04 00 00 A9 04 00 00 BD 04 00 00 09 02 01 80 
30 E0 1F 4C 00 21 20 46 00 F0 F2 FA 00 28 22 D0 
00 21 20 46 00 F0 EC FA 00 28 1C D0 00 21 20 46 
00 F0 E6 FA 00 28 ED D1 15 E0 19 48 02 21 01 60 
18 49 41 60 01 B0 F0 BD 02 2A 0C D1 41 7D 01 29 
0B D0 00 29 12 D1 11 49 09 68 08 E0 01 2A 02 D1 
0D 49 09 88 03 E0 01 B0 F0 BD 0C 49 49 68 0A 0A 
02 70 41 70 02 21 01 61 01 B0 F0 BD 00 21 0A 46 
F6 E7 C0 46 20 10 0F 40 C2 00 00 20 C4 00 00 20 
00 00 0F 40 70 12 0F 40 C0 00 00 20 88 A2 55 40 
00 03 0B 40 01 00 00 E4 B0 B5 36 4A 80 18 4A 68 
42 60 0A 78 22 2A 56 D8 93 00 01 A4 E3 58 9F 46 
BD 05 00 00 C7 05 00 00 BD 05 00 00 C7 05 00 00 
C7 05 00 00 C7 05 00 00 C7 05 00 00 C7 05 00 00 
C7 05 00 00 C7 05 00 00 C7 05 00 00 C7 05 00 00 
C7 05 00 00 C7 05 00 00 C7 05 00 00 C7 05 00 00 
AD 05 00 00 C7 05 00 00 AD 05 00 00 C7 05 00 00 
C7 05 00 00 C7 05 00 00 C7 05 00 00 C7 05 00 00 
C7 05 00 00 C7 05 00 00 C7 05 00 00 C7 05 00 00 
C7 05 00 00 C7 05 00 00 C7 05 00 00 C7 05 00 00 
AD 05 00 00 C7 05 00 00 AD 05 00 00 03 68 03 24 
24 07 A3 43 01 24 64 07 1B 19 03 E0 03 68 03 24 
24 07 A3 43 03 60 0B 8A C3 60 CB 68 C4 6A 06 4D 
25 40 06 4C 1C 40 2B 19 C3 62 09 7A 11 43 01 60 
B0 BD C0 46 04 18 00 00 88 88 FD FF 77 77 02 00 
00 2A 49 D0 84 46 8B 07 1C D1 83 07 22 D1 10 2A 
08 D3 70 B4 10 3A 78 C9 78 C0 10 3A FB D2 70 BC 
10 32 38 D0 04 2A 2C D3 08 2A 05 D3 0C 2A 01 D3 
08 C9 08 C0 08 C9 08 C0 08 C9 08 C0 92 07 2A D0 
92 0F 22 E0 0B 78 03 70 49 1C 40 1C 52 1E 22 D0 
8B 07 F7 D1 C3 07 14 D1 83 07 D8 D0 12 1F 12 D3 
08 C9 03 80 1B 0C 43 80 00 1D 12 1F F8 D2 0A E0 
08 C9 03 70 1B 0A 43 70 1B 0A 83 70 1B 0A C3 70 
00 1D 12 1F F4 D2 12 1D 05 D0 0B 78 03 70 49 1C 
40 1C 52 1E F9 D1 60 46 70 47 FE E7 F0 B5 44 1C 
00 78 00 23 08 2B 30 D0 25 78 C6 07 0F D1 66 78 
2D 01 37 09 7F 19 0F 25 35 40 ED 1C 12 2D 0B D1 
02 25 66 57 F5 B2 00 2E 08 D4 E6 1C 0C E0 64 1C 
4E 1C 0D 70 31 46 15 E0 A6 1C 06 E0 26 1D E4 78 
7F 22 15 40 E2 01 55 19 12 35 09 4A 97 42 0E D0 
FC 43 00 2D 05 D0 0A 5D 4F 1C 0A 70 6D 1E 39 46 
F7 E7 34 46 40 08 5B 1C CC E7 20 46 C7 E7 F0 BD 
FF 0F 00 00 10 B5 17 49 17 48 00 F0 73 F9 17 48 
02 46 58 3A 13 68 01 21 0C 02 A3 43 13 60 02 46 
08 3A 13 68 12 4C 1C 40 13 34 14 60 42 69 0A 43 
06 23 9A 43 42 61 42 69 07 23 1B 02 9A 43 42 61 
02 68 08 23 13 43 03 60 02 68 04 23 13 43 03 60 
08 4A 13 68 C5 24 24 04 1C 43 14 60 02 68 0A 43 
02 60 10 BD 37 0B 00 00 00 00 0F 40 58 12 0F 40 
00 FC FF FF 28 10 0F 40 10 B5 12 49 12 48 00 F0 
AD F8 12 48 41 68 12 4A 0A 40 03 21 0B 04 D2 18 
42 60 82 68 0F 4B 13 40 0F 4A 9A 18 82 60 0F 4A 
02 23 13 60 51 60 43 61 0D 49 0A 6A 01 23 1C 02 
22 43 0A 62 0A 68 22 43 0A 60 01 68 19 43 01 60 
10 BD C0 46 2C 0B 00 00 00 40 00 40 00 51 00 40 
FE FF EC FF F8 FF E0 E0 00 00 02 03 88 51 00 40 
28 50 00 40 F0 B5 81 B0 00 2A 21 D0 14 4B C3 18 
0F 20 04 02 90 1E 00 90 56 1E 00 20 DF 68 27 42 
1B D0 0F 5C 1F 60 86 42 10 D0 DF 68 27 42 11 D0 
0F 18 7D 78 1D 60 00 9D 85 42 07 D0 DD 68 25 42 
0A D0 BD 78 1D 60 C0 1C 82 42 E7 D1 10 46 04 E0 
00 20 02 E0 40 1C 00 E0 80 1C C0 B2 01 B0 F0 BD 
64 12 00 00 0F 49 8A 1C 0F 48 02 60 42 60 02 68 
01 23 5B 06 1A 43 02 60 42 68 1A 43 42 60 81 22 
42 64 41 65 81 66 C2 60 02 61 42 62 82 62 C2 62 
C2 63 02 64 C2 65 82 65 82 64 04 48 04 49 01 60 
01 63 70 47 81 00 04 00 04 80 42 40 A0 12 0A 40 
18 8E C7 00 B0 B5 0A 48 0A 49 41 60 0A 4A 51 60 
0A 4B 59 60 0A 4C 61 60 0A 4D 69 60 0A 49 01 60 
11 60 19 60 21 60 29 60 10 20 00 F0 1B F9 B0 BD 
00 08 0A 40 03 00 00 B1 00 48 08 40 00 08 0F 40 
00 48 00 40 00 08 08 40 01 00 00 26 F0 B5 11 22 
13 02 C2 18 0C 78 0B 4D 46 59 0B 4F 37 40 03 26 
26 40 BC 19 A9 26 36 06 A4 19 44 51 4C 68 C5 58 
07 26 36 06 B5 43 34 40 2C 19 C4 50 48 78 10 61 
F0 BD C0 46 08 08 00 00 FC FF FF 00 70 B5 0D 4D 
41 19 0F 22 12 02 01 23 DC 02 46 59 80 23 1E 43 
46 51 48 68 10 40 A0 42 07 D0 48 68 10 40 A0 42 
03 D0 48 68 10 40 A0 42 F3 D1 08 68 98 43 08 60 
70 BD C0 46 6C 12 00 00 70 B5 0A 48 0A 4C 84 42 
0C D0 0A 4D 0A 4E B5 42 08 D0 2A 68 69 68 50 1C 
12 78 92 00 A2 58 90 47 08 35 F4 E7 00 BF 00 BF 
70 BD C0 46 98 0B 00 00 8C 0B 00 00 A0 0B 00 00 
B0 0B 00 00 10 B5 08 49 08 4C 20 46 00 F0 6E F8 
07 49 20 46 FF F7 B0 FD 06 48 01 68 01 22 11 43 
01 60 05 48 02 60 10 BD 34 0B 00 00 00 40 08 40 
18 0B 00 00 28 50 08 40 08 51 08 40 08 48 80 F3 
08 88 00 BF 00 BF 00 F0 99 F8 00 28 01 D0 FF F7 
BB FF 00 20 FF F7 6C FB 01 20 00 F0 91 F8 C0 46 
00 10 00 20 70 B5 01 22 12 03 83 18 0C 78 5D 68 
0C 26 B5 43 34 40 2C 19 5C 60 49 78 83 58 07 24 
A3 43 21 40 59 18 81 50 70 BD 00 00 06 48 00 21 
01 60 06 48 01 68 03 22 91 43 01 60 41 68 0F 22 
91 43 41 60 70 47 C0 46 08 03 0B 40 00 01 0B 40 
80 B5 FF F7 27 FF FF F7 FD FE FF F7 E7 FF FF F7 
A1 FF FF F7 57 FE FF F7 8F FE 00 F0 2B F8 80 BD 
05 4A 82 18 D3 68 0F 20 00 02 18 40 00 D0 11 60 
41 1E 88 41 70 47 C0 46 64 12 00 00 10 B5 01 22 
12 03 83 18 0C 78 9C 60 4B 78 83 50 89 78 01 4A 
81 50 10 BD 0C 11 00 00 04 48 00 68 C0 B2 01 28 
02 D1 03 48 A7 21 01 60 70 47 C0 46 20 50 08 40 
08 11 08 40 03 48 04 49 01 60 5F 21 49 06 41 60 
70 47 C0 46 00 11 08 40 43 03 02 C9 03 22 80 58 
00 28 05 D0 40 1E 4A 1C 00 23 0B 70 11 46 F7 E7 
70 47 80 B5 0B 46 03 21 42 58 C1 1D 18 46 00 F0 
07 F8 80 BD 80 1E 00 1F 00 BF FC D2 70 47 00 00 
80 B5 FF F7 75 FD 80 BD 60 E7 70 47 01 20 70 47 
00 BF FE E7 00 00 00 00 02 00 00 00 65 26 00 00 
00 00 00 00 00 00 00 00 00 00 00 00 00 05 00 00 
00 00 00 00 02 00 00 08 00 00 00 00 00 00 00 00 
00 5D 00 00 0F 13 0A 40 08 02 80 03 00 B4 F5 10 
03 40 04 01 74 00 02 00 00 49 09 00 B5 01 40 0A 
01 75 03 00 0B 02 35 EF 80 00 00 0F 02 F5 00 01 
00 DC 03 F1 00 B3 80 00 17 01 76 40 00 09 16 08 
3F 0D 07 51 12 0B 0F 00 FF F0 00 00 8D 06 00 00 
E3 0A 00 00 CD 0A 00 00 02 00 00 00 28 00 00 00 
40 0B 00 00 00 00 00 20 98 0B 00 00 C4 00 00 20 
q
